`.Random.seed` <-
c(403L, 117L, 621378626L, 1462910710L, -245966361L, 1823479110L, 
-1703425304L, 766080241L, 1656524129L, -1294663707L, -1656170384L, 
-1004000344L, -912885903L, -15604423L, 1751467793L, -560494039L, 
1804060618L, 1917306765L, 203289912L, -1865496437L, -2143133150L, 
-2013130822L, 406771476L, -769967498L, -1863787260L, -1866381435L, 
-886976046L, -855482783L, 1490904864L, 1335821634L, -519841196L, 
-624300758L, -275907590L, -1300777297L, -2009017657L, -1141582509L, 
1695895253L, -1963921067L, 879894654L, -468242819L, 1361019066L, 
-1914382293L, 1954121453L, -2097940813L, 773730764L, 1793666161L, 
-1338765509L, 2064253558L, 374688115L, 1657699738L, -2097215075L, 
1073418468L, -565387690L, 1190073703L, -1190561708L, -547970416L, 
1287994618L, -132783694L, -1891204850L, -1439904969L, 1906607869L, 
-1766629621L, 178442783L, -745538392L, -1913133336L, 1608341698L, 
1759841696L, -2001464822L, -1470757115L, -2063947757L, 1406935157L, 
-1752083074L, 2047488998L, 1045174111L, -1330944397L, 212567904L, 
-2035050810L, -933615621L, 1377563599L, 1294515115L, 1943652457L, 
-816603686L, 1257246050L, -681011599L, -1618581856L, 1366179740L, 
1248403371L, -1575903714L, -667897829L, 1479074055L, 1611572210L, 
1622528103L, -1630200897L, 746746316L, -347084376L, 532646782L, 
-455998847L, 1648398872L, -1882516806L, -1382788453L, -836832465L, 
-620808555L, 305129724L, -775253132L, -1805992559L, -425716355L, 
-478869512L, 2107005882L, 1149468411L, 1595605310L, 462937211L, 
-789628687L, 1556234160L, 1608864236L, 595377965L, -1665263981L, 
-272193864L, -1931642273L, 927241637L, 1944484712L, 185321798L, 
1620945833L, 1718943761L, -1130940558L, -1992554919L, -1378996607L, 
-1663436880L, -1838202467L, 1813544923L, -1323081064L, -416447798L, 
466332612L, -1284012409L, -535084911L, -1521302610L, -1427519976L, 
-54680147L, 1581155938L, 1178880147L, -431854234L, 184448763L, 
-1607434173L, 1088243595L, 995507514L, -1472719818L, 1353278989L, 
-1820725922L, 1289252242L, -1097403128L, -669678489L, -917077457L, 
-329132967L, 527557781L, -2019071531L, 1644775405L, 1321704707L, 
407850487L, 1647643207L, -1077086197L, -1846699837L, -55823821L, 
-1045212757L, 2142951476L, 1952635989L, -1815289806L, -2089475288L, 
327550287L, -330999662L, 1208580065L, -2086615819L, -58258869L, 
959096247L, 708105677L, -519689901L, 1608253647L, 181217212L, 
-955449994L, 887278340L, 1249831610L, 1218494532L, -627522458L, 
-678280047L, 631595381L, -495705774L, 1181612620L, 612164584L, 
-518425278L, 1609037318L, -941720777L, -1243071750L, 898566318L, 
-907599313L, 1365748798L, -330186171L, -1650904496L, 557385910L, 
1614365807L, 963712024L, -1928639210L, 550737063L, -1503122377L, 
-1486131305L, -2028003429L, -556151374L, 813720616L, 1918857942L, 
-470614985L, 487788975L, 736210578L, -846391698L, -1290398821L, 
-766692816L, -2117727846L, 1553381450L, 1060485750L, -513345141L, 
1728356067L, 1074236485L, -1055627426L, -427355645L, 365607226L, 
208840935L, 1678928505L, -1105625564L, 2130888060L, -876597231L, 
-1921456460L, -1641254315L, 57644873L, -1535185211L, -620618153L, 
1096000947L, -854382127L, -953315123L, -1792226615L, 910742660L, 
-1553571709L, -596493141L, 765233000L, 468595000L, -26797834L, 
2082090122L, -1960081076L, 677655788L, 487903933L, -42692494L, 
-1277871662L, 1219454252L, -251823269L, 630140093L, 2067517629L, 
-394919279L, 307120144L, 1235156119L, 1629795687L, -657774667L, 
1808595514L, -1523789085L, -1571697088L, -2041940305L, 1321738782L, 
-1367957454L, 1704596007L, 1197633575L, -925774449L, 2044088021L, 
-961082449L, -895218324L, 1272630586L, -1957085764L, -1162046490L, 
-1491017083L, 1694666984L, -1556735295L, -1311108085L, 422727900L, 
429996851L, 180829876L, -1235786062L, -2068062452L, -784006497L, 
-1599232247L, -1916243075L, -342770798L, 137714010L, 2059490614L, 
1827894642L, -1497176686L, -165071370L, 1442841105L, 1879400752L, 
-208326961L, -519385773L, 838154600L, 709126580L, -279522308L, 
-859362505L, 1597846897L, 1081150602L, 832891907L, -89049384L, 
-1056915322L, 603504997L, 1835903962L, 547440L, 1751046636L, 
-436667109L, -201569013L, -87075191L, -136530152L, 1366155255L, 
1764891867L, -1326428922L, -194173393L, -530428977L, 20592721L, 
-2037157775L, -53714572L, 266763918L, -28520570L, 1487080491L, 
-2002922191L, 1381440921L, -465079851L, 669554877L, -1256626107L, 
349081597L, 115184249L, -787083174L, -228765240L, 2108960049L, 
-524022472L, -809975453L, -1546971772L, -60132941L, -588491133L, 
-975944891L, -1805387870L, 1743481880L, -1490876794L, -575648560L, 
-1929523981L, -1392580058L, 1144573504L, 717032962L, 395918644L, 
575589446L, 1306385581L, -391953488L, 1121217658L, 1968327733L, 
-1072458875L, -1237489035L, -438633236L, 370200133L, -951872972L, 
-952945934L, 638819874L, 566315308L, -546424248L, 1764564468L, 
-1491216688L, -408395047L, 1995104251L, -2051439384L, 940755746L, 
-1781013146L, -953484281L, 1478461334L, 253015362L, 1475538232L, 
-677411840L, 1960232989L, 771981463L, 80799195L, 1879055787L, 
1823281537L, -11525384L, -525013154L, 977589909L, 412235127L, 
-1486412845L, -1309892828L, 480500154L, 1289106444L, 1577733221L, 
1007785282L, 197575845L, 474346939L, -1326875589L, -429494071L, 
1462506989L, 965875481L, -283265120L, -284042543L, -423004664L, 
-592423050L, 626043367L, 2071469463L, -808764281L, -1565019921L, 
-1013907827L, 1941320516L, 1410406602L, -1675765698L, -1431709966L, 
-2078364493L, -1963554687L, -1463730930L, 1520326034L, -1006141737L, 
431177724L, -1419059894L, -639811581L, 1502784571L, -1004596784L, 
279870189L, -513562405L, 2081334615L, 2088136988L, -282170730L, 
-15932639L, -517692474L, -984415671L, 1063512746L, 305441116L, 
544325933L, 116952879L, -548323187L, -1594614927L, 734885525L, 
-1491694348L, -1326142681L, -1385883979L, 608854871L, -203133898L, 
1241269096L, -862070560L, 1060064154L, 995916820L, 864868300L, 
190067131L, 767949615L, -874097468L, 1131926109L, -242629148L, 
1546752477L, 812450024L, -1690439362L, 272916183L, -272127143L, 
-646569352L, 12264886L, 1730592655L, 2060249411L, 103889368L, 
-1408985038L, 1802075209L, 600601967L, -1245671934L, -1115185050L, 
-2060933675L, 191064431L, 1721167598L, 2049348905L, -1903632323L, 
1587745124L, -1108917478L, 952108946L, 206269173L, 354193486L, 
1310331767L, -371598569L, -829105432L, 1875811646L, 806920286L, 
-1918255834L, 1809340538L, -1733271220L, -1683229875L, 1903746266L, 
-1530786654L, -1262535208L, -505228618L, -1367708544L, 496043515L, 
-1603612667L, -474089320L, 2087659019L, -4431686L, 1966974446L, 
-1951108379L, 818583052L, 961199273L, -766493106L, 528754532L, 
-654669378L, -276584604L, -1110440464L, -1002109221L, -861566889L, 
-1938470716L, -139501927L, -1094253550L, -378703696L, 294835552L, 
2008043077L, 597965603L, -434436864L, -589247528L, -1221204777L, 
-2058178282L, -1597821049L, -519505284L, -1877426081L, 635784560L, 
2096344087L, -1796980702L, -1623284560L, -1722801449L, -2122062881L, 
-2048200261L, -1509788654L, -1374552525L, -1907909470L, 2036988384L, 
1002502897L, 424222016L, -1729343980L, -1757738354L, -1030389291L, 
-994449672L, -2014440539L, -1049038776L, -1026267462L, 142869375L, 
1602670966L, -1175300363L, 1276325899L, -1328866005L, 753901753L, 
2029330638L, 457374767L, -1017100038L, -1374028261L, -1682616303L, 
-1089315650L, -928382982L, 1644783903L, -360587874L, -282318914L, 
-838599427L, -775262844L, -794994822L, 757215223L, -1044347918L, 
-1698115405L, 2025801097L, -167910552L, 1104754916L, -876704302L, 
-2078540927L, -2070306045L, -1923322571L, -1104282019L, -1871944828L, 
-327687354L, -916559768L, 688643871L, -311386022L, 649493431L, 
-1156974805L, 1680449328L, 1368826160L, 1020886331L, -18071518L, 
769829056L, -1124224290L, 708860755L, 2017951330L, 601509988L, 
1213272089L, -781575759L, -60202033L, 1849438414L, -81072677L, 
-504970718L, -2087457550L, 959171489L, -1897939899L, -124049247L, 
674162185L, 1596391316L, -133613628L, -1127023789L, -1177198455L, 
875054301L, -222478118L, -479961391L, -1029633692L, -885138146L, 
